0 1.9928e-03 2.9857e-01 
1 7.7992e-04 1.9167e-01 
2 6.3171e-04 3.3064e-01 
3 5.1434e-04 2.3433e-01 
4 4.2624e-04 1.1659e-01 
5 3.6240e-04 1.4502e-01 
6 3.2622e-04 9.9767e-02 
7 2.9001e-04 8.1676e-02 
8 2.7103e-04 9.0943e-02 
9 2.4379e-04 7.3416e-02 
10 2.3450e-04 7.2224e-02 
11 2.1977e-04 9.0391e-02 
12 2.0822e-04 7.7742e-02 
13 1.9613e-04 5.5948e-02 
14 1.8575e-04 7.4573e-02 
15 1.8024e-04 1.5119e-01 
16 1.7683e-04 5.6907e-02 
17 1.6772e-04 7.7294e-02 
18 1.5866e-04 6.9220e-02 
19 1.5584e-04 7.4422e-02 
20 1.1892e-04 4.7765e-02 
21 1.1712e-04 5.8796e-02 
22 1.1484e-04 4.2775e-02 
23 1.1206e-04 3.8345e-02 
24 1.0862e-04 4.5503e-02 
